30
200.000000 0.000000 450.000000
195.629520 41.582338 450.000000
182.709092 81.347329 450.000000
161.803399 117.557050 450.000000
133.826121 148.628965 450.000000
100.000000 173.205081 450.000000
61.803399 190.211303 450.000000
20.905693 198.904379 450.000000
-20.905693 198.904379 450.000000
-61.803399 190.211303 450.000000
-100.000000 173.205081 450.000000
-133.826121 148.628965 450.000000
-161.803399 117.557050 450.000000
-182.709092 81.347329 450.000000
-195.629520 41.582338 450.000000
-200.000000 0.000000 450.000000
-195.629520 -41.582338 450.000000
-182.709092 -81.347329 450.000000
-161.803399 -117.557050 450.000000
-133.826121 -148.628965 450.000000
-100.000000 -173.205081 450.000000
-61.803399 -190.211303 450.000000
-20.905693 -198.904379 450.000000
20.905693 -198.904379 450.000000
61.803399 -190.211303 450.000000
100.000000 -173.205081 450.000000
133.826121 -148.628965 450.000000
161.803399 -117.557050 450.000000
182.709092 -81.347329 450.000000
195.629520 -41.582338 450.000000
-200.000000 -0.000000 -450.000000
-195.629520 -41.582338 -450.000000
-182.709092 -81.347329 -450.000000
-161.803399 -117.557050 -450.000000
-133.826121 -148.628965 -450.000000
-100.000000 -173.205081 -450.000000
-61.803399 -190.211303 -450.000000
-20.905693 -198.904379 -450.000000
20.905693 -198.904379 -450.000000
61.803399 -190.211303 -450.000000
100.000000 -173.205081 -450.000000
133.826121 -148.628965 -450.000000
161.803399 -117.557050 -450.000000
182.709092 -81.347329 -450.000000
195.629520 -41.582338 -450.000000
200.000000 -0.000000 -450.000000
195.629520 41.582338 -450.000000
182.709092 81.347329 -450.000000
161.803399 117.557050 -450.000000
133.826121 148.628965 -450.000000
100.000000 173.205081 -450.000000
61.803399 190.211303 -450.000000
20.905693 198.904379 -450.000000
-20.905693 198.904379 -450.000000
-61.803399 190.211303 -450.000000
-100.000000 173.205081 -450.000000
-133.826121 148.628965 -450.000000
-161.803399 117.557050 -450.000000
-182.709092 81.347329 -450.000000
-195.629520 41.582338 -450.000000
