30
0	200	450
41.58233816	195.6295201	450
81.34732862	182.7090915	450
117.5570505	161.8033989	450
148.6289651	133.8261213	450
173.2050808	100	450
190.2113033	61.80339887	450
198.9043791	20.90569265	450
198.9043791	-20.90569265	450
190.2113033	-61.80339887	450
173.2050808	-100	450
148.6289651	-133.8261213	450
117.5570505	-161.8033989	450
81.34732862	-182.7090915	450
41.58233816	-195.6295201	450
2.45E-14	-200	450
-41.58233816	-195.6295201	450
-81.34732862	-182.7090915	450
-117.5570505	-161.8033989	450
-148.6289651	-133.8261213	450
-173.2050808	-100	450
-190.2113033	-61.80339887	450
-198.9043791	-20.90569265	450
-198.9043791	20.90569265	450
-190.2113033	61.80339887	450
-173.2050808	100	450
-148.6289651	133.8261213	450
-117.5570505	161.8033989	450
-81.34732862	182.7090915	450
-41.58233816	195.6295201	450
0	0	-450
0	0	-450
0	0	-450
0	0	-450
0	0	-450
0	0	-450
0	0	-450
0	0	-450
0	0	-450
0	0	-450
0	0	-450
0	0	-450
0	0	-450
0	0	-450
0	0	-450
0	0	-450
0	0	-450
0	0	-450
0	0	-450
0	0	-450
0	0	-450
0	0	-450
0	0	-450
0	0	-450
0	0	-450
0	0	-450
0	0	-450
0	0	-450
0	0	-450
0	0	-450
