30
-150	0	450
-140	0	450
-130	0	450
-120	0	450
-110	0	450
-100	0	450
-90	0	450
-80	0	450
-70	0	450
-60	0	450
-50	0	450
-40	0	450
-30	0	450
-20	0	450
-10	0	450
0	0	450
10	0	450
20	0	450
30	0	450
40	0	450
50	0	450
60	0	450
70	0	450
80	0	450
90	0	450
100	0	450
110	0	450
120	0	450
130	0	450
140	0	450
-150	0	-450
-140	0	-450
-130	0	-450
-120	0	-450
-110	0	-450
-100	0	-450
-90	0	-450
-80	0	-450
-70	0	-450
-60	0	-450
-50	0	-450
-40	0	-450
-30	0	-450
-20	0	-450
-10	0	-450
0	0	-450
10	0	-450
20	0	-450
30	0	-450
40	0	-450
50	0	-450
60	0	-450
70	0	-450
80	0	-450
90	0	-450
100	0	-450
110	0	-450
120	0	-450
130	0	-450
140	0	-450
